<text fill="#2f3e51" xml:space="preserve" transform="matrix(1 0 0 1 0 335)"><tspan y="-184.4805" x="55.27 60.436 66.529 68.95 73.351 77.167 81.568 87.004 92.125 95.779 98.2 103.842998 109.936 113.752 116.173 120.574 124.39 130.492 135.92801 142.03002 144.45102 149.51802 154.82802 158.31102 163.74703 169.84903 173.66503 177.14803 182.79103 186.60703 194.15802 200.26003 205.69603 211.78903 215.60503 221.14003 226.78304 232.84004 236.33203 241.31804 246.75405">This section is dedicated to Open Source </tspan></text>
<text fill="#2f3e51" xml:space="preserve" transform="matrix(1 0 0 1 0 335)"><tspan y="-173.6807" x="55.27 59.671 65.314 68.365009 71.92901 79.696018 85.00601 88.49802 93.93401 95.86902 98.58702 100.522029 106.61503 111.83503 116.578029 122.01402 123.94903 131.86003 135.39702 137.81803 141.34603 144.82903 150.26503 156.35803 158.30204 163.61203 169.72304 175.82505 177.76905 181.42305 187.51605 192.82605 196.48006 198.41506 203.72505 207.21704 212.65305 214.58805 220.23105 223.28205 226.25205 231.68805 235.18004 240.61605 246.71805">software I have written and that are offered </tspan></text>
<text fill="#2f3e51" xml:space="preserve" transform="matrix(1 0 0 1 0 335)"><tspan y="-162.8799" x="55.27 58.239999 63.883 67.492 70.723 74.494 77.98601 83.422008 88.858 92.089008 98.146 104.257 110.359 115.795 119.404 122.635 129.59201 136.90901 144.03702 147.26802 152.49701 157.93302 162.33402 166.73502 172.17102 175.78002 179.01102 185.47303 191.53003 197.63204 200.05304 202.47405 207.54105 210.77205 216.07305 218.49405 223.48006 228.91606 235.00907 239.41007 244.84607 246.75408">for free under GNU Lesser Public License. </tspan></text>
<text fill="#2f3e51" xml:space="preserve" transform="matrix(1 0 0 1 0 335)"><tspan y="-152.0801" x="55.27 60.436 66.547 71.982997 75.12399 79.524997 85.16799 88.218997 91.783 99.55 104.86 108.352008 113.788 116.929 119.35 123.751 126.892 132.535 135.586 138.556 143.992 147.484 152.92 159.022 162.16301 167.473 171.87401 175.01502 177.43602 181.83702 184.97803 190.28803 196.39904 202.50104 205.64205 208.06305 211.71706 213.48107 217.88207 221.02307 226.99008 231.86809 235.0091 241.1201 246.7631">The software is offered as is and it&#x2019;s by no </tspan></text>
<text fill="#2f3e51" xml:space="preserve" transform="matrix(1 0 0 1 0 335)"><tspan y="-141.2803" x="55.27 64.837 70.13799 75.44799 81.54099 85.94199 88.669 94.843 100.9 106.21 109.738 115.048 121.141 124.624 130.06 135.496 141.598 144.32501 149.63501 155.74602 161.84803 164.57503 170.68604 176.32904 179.98305 182.71006 187.11106 193.16806 199.27007 201.73607 207.17208 212.29308 215.94709 218.67409 222.15709 227.8001 230.5271 235.8371 241.8401 246.71811">means guaranteed and not subject to any </tspan></text>
<text fill="#2f3e51" xml:space="preserve" transform="matrix(1 0 0 1 0 335)"><tspan y="-130.4805" x="55.27 60.265005 62.686006 67.996 70.417 79.966 84.367008 87.463008 92.449008 98.092 104.203 109.189 114.625 118.162 124.255008 126.676 132.787 138.961 142.057 148.15901 151.651 157.087 159.55301 165.61002 171.71202 174.13303 179.11904 184.55504 188.95604 192.05205 197.69506 200.74605 203.84206 209.15206 215.15506 220.03307 223.12908 226.09908 231.74208 235.27907 244.82807 246.73607">claims concerning prejudices of any form. </tspan></text>
<text fill="#2f3e51" xml:space="preserve" transform="matrix(1 0 0 1 0 335)"><tspan y="-119.6807" x="55.27 57.988 61.642 63.406 67.807 70.678 74.332 80.443 85.879 88.75 92.242008 97.678 102.079 108.181 113.824 119.917 124.318 126.739 132.841 135.26201 137.68302 140.10402 143.66803 148.54604 151.41704 157.06005 160.11104 162.98204 166.63605 172.74706 178.18306 181.05406 187.11107 191.51207 196.94808 200.52108 204.92208 207.79308 211.27608 216.91909 219.79009 224.78508 230.89609 236.33209 241.32709 246.73609">It&#x2019;s the responsibility of the users to check </tspan></text>
<text fill="#2f3e51" xml:space="preserve" transform="matrix(1 0 0 1 0 335)"><tspan y="-108.8799" x="55.27 58.924 65.034999 70.47099 73.243 77.644 83.286998 89.343997 92.836 97.822 103.257999 106.03 111.016 116.659 122.760997 128.19699 130.105 132.877 138.043 144.154 149.59001 152.36202 156.76302 162.40602 165.45702 169.02103 176.78803 182.09803 185.59001 191.02602 193.79802 196.21903 200.62003 203.39203 207.16303 210.65502 216.09102 221.52703 224.29903 228.07003 231.56201 237.20502 246.75402">the source code. The software is free from </tspan></text>
<text fill="#2f3e51" xml:space="preserve" transform="matrix(1 0 0 1 0 335)"><tspan y="-98.0801" x="55.27 64.819 70.129 72.549999 74.97099 80.037998 82.45899 88.10199 94.15899 98.55999 102.564998 107.550998 113.19399 119.29599 124.73199 126.639987 130.64499 136.747 142.804 146.45801 150.46302 156.52002 160.92102 166.35703 169.93003 174.33103 178.33603 187.88503 193.94203 198.34304 201.99704 206.00205 208.46805 214.52506 220.62706 226.80106 232.23706 236.24207 238.66307 242.31708 246.71808">malicious code, but users must judge its </tspan></text>
<text fill="#2f3e51" xml:space="preserve" transform="matrix(1 0 0 1 0 335)"><tspan y="-87.2803" x="55.27 61.327 65.728 71.163997 74.215 80.271999 82.69299 88.80399 94.23999 98.64099 103.04199 105.399997 110.70999 116.82099 122.92299 125.28099 127.70199 131.35599 135.75699 138.11499 142.51599 147.82599 150.79599 156.232 159.796 164.67401 167.03202 172.99903 177.87703 180.23503 183.88904 190.00005 195.43605 204.98505 209.38605 214.82205 217.24306 221.98607 227.42208 231.82308">usefulness and its safety by themselves.</tspan></text>
<text fill="#2f3e51" xml:space="preserve" transform="matrix(1 0 0 1 0 335)"><tspan y="-69.8193" x="55.27 60.436 66.547 71.982997 74.197 80.298999 83.791 89.434 95.608 99.136 104.446 113.995 123.54401 125.965007 132.076 138.25 140.464 142.88501 148.195 154.30602 160.48001 166.53702 171.86502 178.03902 183.47502 187.87602 190.09003 196.14704 200.54804 205.98404 212.08605 214.30005 216.72106 222.81406 225.02806 230.32907 235.65708 240.65207 246.74507">The programming languages used in each </tspan></text>
<text fill="#2f3e51" xml:space="preserve" transform="matrix(1 0 0 1 0 335)"><tspan y="-59.0195" x="55.27 61.372 64.864009 70.507 76.68101 80.20901 85.519008 95.06801 97.17401 102.48401 105.97601 111.41201 113.51801 115.93901 122.05001 128.15201 130.57302 135.64002 140.95001 144.43302 149.86902 155.97103 158.07703 163.38703 167.78803 169.89403 177.67003 183.10604 185.52704 187.94805 190.05405 195.36405 199.76505 201.87105 205.52506 211.63607 217.07207 219.17807 221.59908 224.02008 230.11309 235.52208 237.62808 241.11109 246.75409">program are indicated as well as the link to </tspan></text>
<text fill="#2f3e51" xml:space="preserve" transform="matrix(1 0 0 1 0 335)"><tspan y="-48.2188" x="55.27 58.924 65.034999 70.47099 73.15299 80.10999 82.53099 86.18499 93.50199 99.55899 105.66099 108.34299 111.83499 117.27099 123.372989 129.01599 133.41699 135.838 139.321 144.964 148.708 153.586 156.268 161.578 167.68901 173.79102 176.47303 181.78302 184.46503 190.56703 196.00304 200.40404 205.47104 209.00803 211.42903 217.53104 221.18505 223.60605 229.24906 235.34206 238.02407 243.66707 246.71807">the GitHub repository and a description of </tspan></text>
<text fill="#2f3e51" xml:space="preserve" transform="matrix(1 0 0 1 0 335)"><tspan y="-37.4189" x="55.27 63.181 69.274 74.584 78.238 80.596 84.25 90.361 95.797 98.155 104.256999 107.749 113.392 119.566 123.094 128.404 137.953 140.311 146.41301 152.05602 157.49202 161.89302">what the program does.</tspan></text>